  0.10251137 0.09353143 0.16569166 0.12045507 0.12724245 0.13239127 0.14509596 0.11308079
  0.01154212 0.15697455 0.05591816 0.20906314 0.23076985 0.08646398 0.15198627 0.09728193
  0.03089644 0.15511099 0.22649302 0.21771461 0.14490555 0.0229573 0.08556933 0.11635277
  0.11699925 0.15330698 0.31227611 0.0892175  0.17208589 0.00143901 0.00668254 0.14799271
  0.09871868 0.08938642 0.07271995 0.23101959 0.17945116 0.13847811 0.00663166 0.18359443
  0.10282149 0.08590546 0.05058138 0.02443399 0.22980978 0.31415433 0.0413696  0.15092396
  0.22133661 0.00149775 0.10569379 0.23378607 0.13186727 0.05234217 0.03317586 0.22030049
  0.27915106 0.31205091 0.12102411 0.02547132 0.14056827 0.02052472 0.05515202 0.04605758
  0.13285167 0.04053176 0.19539653 0.16096549 0.03918262 0.18868606 0.06781617 0.17456969
  0.07380954 0.06240105 0.0472774  0.19956904 0.16663084 0.2118602 0.03667337 0.20177857
  0.12575039 0.10256194 0.18815826 0.08371233 0.06085655 0.15541707 0.15530956 0.1282339